700
812
182
236
574
704
566
713
695
602
312
139
254
848
338
153
519
118
681
587
407
429
376
564
150
102
426
419
696
66
56
30
96
62
282
570
291
835
535
185
447
396
11
739
263
289
352
171
8
23
784
142
665
876
189
520
340
217
706
423
820
290
461
32
540
120
129
298
465
625
218
662
549
197
688
728
487
490
131
227
538
458
851
610
849
164
543
497
124
767
518
751
634
866
594
771
309
27
532
239
363
303
492
143
28
251
329
638
485
127
76
567
169
51
425
406
680
73
878
593
138
690
240
253
660
765
228
627
858
387
473
507
768
222
337
24
136
617
834
872
83
288
35
632
462
510
773
613
534
226
607
12
677
637
115
294
863
81
248
156
264
21
122
555
63
474
354
198
233
839
130
557
48
439
357
691
165
718
553
293
595
91
502
257
736
79
92
673
444
867
712
556
720
478
47
442
493
619
528
69
155
159
509
807
864
271
741
503
496
833
14
383
710
417
393
178
123
753
488
191
384
783
772
258
17
355
391
661
614
859
759
144
450
580
569
280
20
797
277
358
512
733
212
568
530
579
536
652
806
740
571
845
702
777
747
7
201
830
90
539
177
154
584
685
501
321
651
121
284
758
443
49
313
43
379
97
65
86
314
683
137
223
622
650
202
103
306
748
506
307
80
335
871
576
653
541
646
857
119
31
415
449
597
330
327
175
643
157
591
659
116
589
756
699
265
734
71
146
838
162
605
216
267
308
193
244
67
283
259
211
200
362
814
621
9
74
424
75
873
476
170
590
278
763
623
527
194
822
58
105
160
800
85
671
508
345
106
397
70
697
764
94
401
2
525
57
452
205
854
708
445
411
270
145
654
755
181
457
649
869
626
377
421
4
55
237
18
414
561
285
95
529
246
689
180
44
514
252
112
544
563
600
641
260
738
655
54
686
801
128
392
585
629
133
844
344
430
709
374
583
41
693
126
318
601
274
624
292
554
609
78
77
789
262
558
364
658
22
640
147
287
499
821
173
326
522
324
404
480
192
559
795
311
98
494
856
456
730
694
89
261
668
727
389
266
322
667
453
410
846
823
484
505
346
409
370
648
5
463
276
513
140
42
0
418
817
500
388
385
770
441
842
855
578
560
111
470
523
353
235
726
717
52
714
1
269
316
628
317
256
310
351
400
343
644
752
780
679
72
210
219
221
670
460
647
279
630
10
100
206
853
749
241
371
761
620
360
36
68
466
479
481
394
299
674
448
234
367
297
809
545
762
672
268
19
575
588
612
847
606
