593
870
660
722
530
225
238
735
323
657
329
742
127
764
381
116
412
428
725
759
770
181
112
800
373
121
499
30
730
560
706
787
781
132
799
745
839
146
710
649
71
479
289
23
206
806
169
704
167
25
553
737
487
244
717
456
690
281
784
689
286
592
871
848
513
567
214
74
863
579
239
150
820
179
627
812
325
265
375
761
464
151
858
280
18
639
823
844
651
8
637
699
782
609
734
697
542
216
328
403
217
226
155
15
570
565
293
780
120
740
447
698
321
345
282
271
511
124
33
159
186
654
708
502
615
396
301
118
382
148
819
444
845
215
840
77
606
31
136
705
587
849
34
847
786
414
712
210
866
418
40
532
84
443
203
417
816
378
147
459
814
554
850
489
739
337
172
252
162
485
368
288
601
509
14
300
157
384
448
760
585
158
397
341
379
4
569
500
389
406
711
771
547
221
262
805
472
855
178
274
453
408
445
680
57
807
508
241
727
644
183
860
574
145
869
878
270
358
304
242
726
415
79
818
646
122
684
399
482
626
287
575
578
506
682
876
724
410
568
852
302
364
455
200
813
652
645
535
603
240
669
318
650
29
413
808
694
333
670
354
99
223
856
154
622
854
78
359
334
531
454
695
789
374
517
27
481
545
544
478
741
673
486
68
367
232
52
830
222
343
322
692
550
353
283
420
811
7
828
95
584
865
308
658
261
537
832
81
357
498
778
272
170
383
647
753
605
20
661
351
362
168
588
394
462
409
314
846
152
562
628
803
477
510
488
17
28
284
442
548
528
198
156
788
449
653
102
634
743
636
768
632
471
777
663
171
733
376
5
857
430
220
114
457
685
709
352
252
10
715
774
65
693
355
703
458
776
319
219
246
11
208
507
24
197
736
446
602
750
134
315
729
135
707
514
718
483
126
773
821
495
659
422
298
309
536
326
278
755
16
213
825
21
9
160
176
366
19
266
423
744
731
182
754
747
868
59
621
769
716
51
872
395
720
671
224
701
702
467
583
400
290
515
307
6
191
401
32
398
563
62
686
792
377
721
655
757
611
431
687
405
561
97
306
404
153
164
327
435
303
234
48
470
762
815
835
564
497
785
672
861
434
746
678
211
94
620
305
331
87
419
163
190
361
851
427
13
229
387
629
324
296
264
668
484
218
411
853
463
775
125
380
468
833
631
187
416
138
313
26
732
161
450
113
460
700
285
543
320
267
763
541
665
539
276
594
842
466
599
115
388
875
756
365