164
791
843
148
101
100
23
257
256
748
834
559
558
557
556
562
561
560
667
829
492
589
824
39
40
435
47
46
45
43
44
42
38
37
437
433
413
363
436
728
722
566
309
452
673
429
738
604
607
610
793
794
795
796
494
132
131
135
136
158
142
10
9
8
0
11
195
206
266
267
712
69
68
129
453
126
212
204
205
783
571
489
654
659
661
668
687
813
815
830
831
64
111
540
432
590
674
676
615
485
636
689
792
803
567
671
477
348
62
61
63
65
76
75
77
106
105
98
97
96
95
94
93
92
91
90
89
88
87
86
85
84
83
82
81
80
104
79
78
107
108
109
110
166
182
183
186
187
553
263
503
552
551
550
538
537
536
535
534
533
532
531
530
529
528
527
525
524
523
522
521
520
519
518
517
516
515
514
513
512
511
510
509
508
507
506
505
504
243
720
860
268
269
354
410
488
487
755
781
785
455
549
393
295
138
301
405
173
259
169
171
190
685
684
682
683
680
678
840
839
438
439
440
441
152
151
150
172
431
547
275
657
178
192
237
71
723
726
336
165
622
279
356
801
229
420
751
290
144
143
141
140
137
184
493
649
740
746
745
744
743
742
741
750
841
875
596
619
799
798
724
4
176
274
353
352
351
337
335
334
333
332
331
330
329
328
327
326
325
324
323
322
321
320
319
74
483
587
541
227
714
647
402
737
734
732
731
736
730
863
872
869
866
871
865
611
635
293
581
608
873
688
543
804
711
710
161
638
642
809
810
463
476
475
471
470
468
469
467
466
474
465
464
478
480
778
779
780
52
51
54
53
56
55
57
58
876
877
719
48
774
345
346
575
180
175
3
2
188
199
255
258
617
616
614
613
612
618
797
600
202
789
193
586
656
294
149
582
230
623
739
633
802
756
271
355
419
498
458
451
344
28
313
312
308
307
306
305
304
311
310
303
302
417
415
412
411
409
408
407
418
401
454
579
146
228
752
632
805
36
41
598
181
747
855
73
539
601
340
583
835
