168
417
716
482
553
636
246
252
373
244
660
233
157
49
342
415
58
872
23
775
727
773
858
857
144
718
549
4
412
15
284
296
25
428
56
486
180
586
69
176
101
257
132
158
353
552
122
435
186
239
368
484
313
493
106
386
289
693
187
792
617
488
423
772
457
367
352
55
267
659
502
265
400
869
197
497
65
766
451
241
709
77
399
70
714
856
808
351
360
411
410
250
551
559
232
103
109
99
105
550
476
179
226
860
597
372
616
50
418
312
715
474
337
98
254
661
711
862
538
573
814
854
537
97
335
116
224
10
96
334
269
536
231
212
777
266
708
318
76
223
333
475
145
771
6
206
27
614
878
146
54
288
580
107
770
299
207
654
358
115
68
398
427
769
52
62
478
332
7
359
471
314
135
331
707
706
191
863
127
558
209
366
61
108
249
330
166
853
713
387
195
831
47
571
409
130
268
535
534
196
178
201
329
364
95
477
193
350
668
63
43
94
813
385
152
852
311
93
188
705
425
384
450
143
308
287
211
421
736
253
121
114
362
594
270
92
175
830
119
704
429
593
203
141
737
599
67
703
640
222
328
734
768
91
455
202
420
754
562
710
776
286
221
490
721
90
691
836
153
767
382
533
344
532
16
369
383
702
548
307
263
363
53
156
496
765
75
397
89
778
260
39
449
408
481
256
543
470
251
183
448
381
148
503
851
11
539
652
285
879
46
125
437
9
781
613
45
788
531
126
751
376
728
283
530
124
155
819
433
405
489
88
764
815
850
199
557
574
763
542
380
44
140
419
572
184
789
154
479
529
735
182
339
579
447
277
701
396
316
401
528
732
220
306
527
468
32
200
656
371
151
473
762
806
13
595
51
21
487
761
544
446
87
248
245
525
700
694
753
524
42
647
282
467
588
305
273
86
229
150
74
40
639
797
849
298
348
866
274
717
136
85
66
240
545
416
575
687
561
865
84
848
219
347
577
327
655
281
407
326
699
859
83
523
198
847
587
731
796
100
