173
186
187
188
194
757
773
772
771
770
769
768
767
765
764
763
762
761
760
759
758
21
20
19
18
17
25
24
34
33
36
167
259
267
276
639
637
727
718
709
708
707
706
705
704
703
702
701
700
699
698
697
696
695
753
754
756
766
806
808
807
844
858
856
854
853
852
851
850
849
848
847
846
845
180
13
41
62
61
77
127
134
144
143
141
140
137
169
171
172
2
182
183
184
190
191
274
315
404
421
442
555
598
601
603
602
609
606
617
616
614
613
612
620
621
634
631
630
629
628
627
626
646
647
685
684
682
680
678
686
728
774
782
790
791
796
797
800
809
812
840
839
843
874
10
175
9
8
0
12
47
46
45
44
42
38
37
50
52
51
57
63
64
65
71
73
106
105
98
97
96
95
94
93
92
91
90
89
88
87
86
85
84
83
82
81
80
79
78
107
108
109
110
111
116
115
114
113
125
124
128
152
151
150
158
164
166
174
3
177
178
179
200
206
553
255
258
264
266
270
271
272
296
289
288
287
286
285
283
282
281
280
278
353
352
351
337
335
334
333
332
331
330
329
328
327
326
325
324
323
322
321
320
319
358
360
362
432
486
489
503
552
551
550
538
537
536
535
534
533
532
531
530
529
528
527
525
524
523
522
521
520
519
518
517
516
515
514
513
512
511
510
509
508
507
506
505
504
243
565
564
563
600
610
618
638
640
642
648
649
653
654
656
657
658
659
663
665
668
669
671
672
673
674
683
693
692
720
746
745
744
743
742
741
747
748
750
784
794
810
813
814
815
816
818
820
821
823
824
830
831
832
834
855
860
864
875
7
16
22
49
56
55
58
70
67
66
76
75
104
112
122
121
120
130
132
131
136
145
146
149
162
176
189
193
195
197
198
199
201
203
233
232
226
224
223
222
221
220
219
218
217
216
215
214
213
234
237
238
241
277
294
313
312
308
307
306
305
304
303
302
314
316
359
365
368
367
366
373
371
370
400
399
387
385
384
383
381
380
379
